255 255 255 255 255 255 255 255 255 255 255 255 255 255 255 255
255 112  64  64  64  64  64  64  64  64  64  64  64  64 112 255
255  64 255 255 255 255 222 220 243 207 255 255 255 255  64 255
255  64 255 255 231 124  79 125 162 165 124 219 255 255  64 255
255  64 255 246  74 106 204  56 216 216 169  75 219 255  64 255
255  64 255 139 104 104  56  19 105 105 105 177 219 255  64 255
255  64 239 181 167  19  19 130  19  19  68 216  65 207  64 255
255  64 212  70 204 167  19  19  19  19  68 216 178 237  64 255
255  64 207  65 179 216 216 120 167 166 214 189 148 207  64 255
255  64 228 193  68 216 216 216 204 121 181 189 150 207  64 255
255  64 255 122 146 216 216 179  68 126 215 185 112 255  64 255
255  64 255 229 145 187 216  68  68 206 186  74 219 255  64 255
255  64 255 255 220 219  65 173 149 172 215 219 255 255  64 255
255  64 255 255 255 255 207 237 207 207 255 255 255 255  64 255
255 112  64  64  64  64  64  64  64  64  64  64  64  64 112 255
255 255 255 255 255 255 255 255 255 255 255 255 255 255 255 255
255 255 255 255 255 255 255 255 255 255 255 255 255 255 255 255
255 112  64  64  64  64  64  64  64  64  64  64  64  64 112 255
255  64 255 255 255 255 219 218 242 204 255 255 255 255  64 255
255  64 255 255 229 114  66 122 163 158 115 217 255 255  64 255
255  64 255 245  62 101 219  55 233 233 177  63 217 255  64 255
255  64 255 130  98 109  55  14 110 110 110 186 217 255  64 255
255  64 238 175 178  14  14 137  14  14  69 233  51 204  64 255
255  64 209  56 219 178  14  14  14  14  69 233 184 236  64 255
255  64 204  51 192 233 233 127 179 177 231 200 152 204  64 255
255  64 226 188  69 233 233 233 220 120 192 200 142 204  64 255
255  64 255 112 144 233 233 192  69 125 232 196 102 255  64 255
255  64 255 227 138 194 233  69  69 221 196  62 217 255  64 255
255  64 255 255 218 216  51 178 153 166 213 217 255 255  64 255
255  64 255 255 255 255 204 235 204 204 255 255 255 255  64 255
255 112  64  64  64  64  64  64  64  64  64  64  64  64 112 255
255 255 255 255 255 255 255 255 255 255 255 255 255 255 255 255
255 255 255 255 255 255 255 255 255 255 255 255 255 255 255 255
255 112  64  64  64  64  64  64  64  64  64  64  64  64 112 255
255  64 255 255 255 255 212 211 240 194 255 255 255 255  64 255
255  64 255 255 224  86  29 102 153 139  87 209 255 255  64 255
255  64 255 243  26  77 239 126 248 248 174  26 209 255  64 255
255  64 255 106  73 163 126  98 164 164 164 187 209 255  64 255
255  64 235 160 210  98  98 182  98  98 135 248  11 194  64 255
255  64 200  17 239 210  98  98  98  98 135 248 180 232  64 255
255  64 194  11 220 248 248 175 211 209 246 205 142 194  64 255
255  64 221 175 135 248 248 248 239 109 194 205 120 194  64 255
255  64 255  84 128 248 248 220 135 107 246 200  72 255  64 255
255  64 255 221 116 193 248 135 135 232 201  26 209 255  64 255
255  64 255 255 210 208  11 173 144 148 204 209 255 255  64 255
255  64 255 255 255 255 194 232 194 194 255 255 255 255  64 255
255 112  64  64  64  64  64  64  64  64  64  64  64  64 112 255
255 255 255 255 255 255 255 255 255 255 255 255 255 255 255 255

255 254 254 254 254 254 254 254 254 254 254 254 254 254 254 255
254 165 111 110 110 110 110 110 110 110 110 110 110 111 165 254
254 111 184 216 215 203 182 165 156 177 201 215 216 184 111 254
254 110 216 252 208 164 153 171 156 139 140 207 252 216 110 254
254 110 215 210 132 164 189 203 199 190 168 158 208 215 110 254
254 110 201 143 164 144  83 124 188 187 184 168 165 203 110 254
254 110 184 151 199 122  24  37 122 184 187 187 147 178 110 254
254 110 164 165 187 100  33  38 136 186 124  97 103 154 110 254
254 110 165 156 112  43  36  71 173 208 162 103 113 155 110 254
254 110 182 137 163  73  21  82 198 215 213 194 144 178 110 254
254 110 201 146 148  93  38  96 199 210 211 178 162 203 110 254
254 110 215 211 127 148 142 145 154 148 168 161 211 215 110 254
254 110 216 252 215 172 151 164 145 130 144 212 252 216 110 254
254 111 184 216 215 205 185 170 162 182 202 215 216 184 111 254
254 165 111 110 110 110 110 110 110 110 110 110 110 111 165 254
255 254 254 254 254 254 254 254 254 254 254 254 254 254 254 255
255 254 254 254 254 254 254 254 254 254 254 254 254 254 254 255
254 165 111 110 110 110 110 110 110 110 110 110 110 111 165 254
254 111 184 216 215 202 180 162 153 174 200 215 216 184 111 254
254 110 216 252 204 159 151 174 158 135 133 204 252 216 110 254
254 110 215 207 126 170 202 218 212 201 173 154 205 215 110 254
254 110 200 136 170 152  86 131 201 198 194 173 160 202 110 254
254 110 182 149 213 129  20  34 128 196 200 199 145 175 110 254
254 110 160 168 200 104  30  35 145 199 131 100 100 150 110 254
254 110 161 159 117  41  33  72 186 224 174 107 110 152 110 254
254 110 179 133 172  74  17  84 213 232 230 207 142 175 110 254
254 110 201 139 151  95  34 100 214 226 226 184 156 202 110 254
254 110 215 208 120 151 149 154 163 156 173 157 208 215 110 254
254 110 216 252 213 167 148 166 146 127 137 209 252 216 110 254
254 111 184 216 215 204 183 167 158 180 201 215 216 184 111 254
254 165 111 110 110 110 110 110 110 110 110 110 110 111 165 254
255 254 254 254 254 254 254 254 254 254 254 254 254 254 254 255
255 254 254 254 254 254 254 254 254 254 254 254 254 254 254 255
254 165 111 110 110 110 110 110 110 110 110 110 110 111 165 254
254 111 184 216 215 200 173 152 140 165 197 214 216 184 111 254
254 110 216 252 195 141 137 168 149 118 111 195 252 216 110 254
254 110 215 198 104 168 216 234 222 207 169 138 195 215 110 254
254 110 197 114 166 187 147 177 217 203 198 168 142 199 110 254
254 110 175 134 223 177 102 111 171 212 214 211 132 167 110 254
254 110 150 161 221 159 108 112 187 224 177 153 109 137 110 254
254 110 151 154 164 116 111 137 216 242 207 158 116 139 110 254
254 110 173 117 194 139 100 146 234 247 246 221 128 167 110 254
254 110 198 118 152 148 112 156 235 243 239 182 138 200 110 254
254 110 215 199  98 155 179 188 195 183 172 140 200 215 110 254
254 110 216 252 205 151 132 158 135 111 115 201 252 216 110 254
254 111 184 216 215 202 177 157 146 173 198 215 216 184 111 254
254 165 111 110 110 110 110 110 110 110 110 110 110 111 165 254
255 254 254 254 254 254 254 254 254 254 254 254 254 254 254 255

255 254 254 254 254 254 254 254 254 254 254 254 254 254 254 255
254 165 111 110 110 110 110 110 110 110 110 110 110 111 165 254
254 111 184 216 215 203 178 154 155 178 203 215 216 184 111 254
254 110 216 252 208 165 147 103 113 144 162 211 252 216 110 254
254 110 215 207 158 168 187  97 103 194 178 161 212 215 110 254
254 110 201 140 168 184 187 124 162 213 211 168 144 202 110 254
254 110 177 139 190 187 184 186 208 215 210 148 130 182 110 254
254 110 156 156 199 188 122 136 173 198 199 154 145 162 110 254
254 110 165 171 203 124  37  38  71  82  96 145 164 170 110 254
254 110 182 153 189  83  24  33  36  21  38 142 151 185 110 254
254 110 203 164 164 144 122 100  43  73  93 148 172 205 110 254
254 110 215 208 132 164 199 187 112 163 148 127 215 215 110 254
254 110 216 252 210 143 151 165 156 137 146 211 252 216 110 254
254 111 184 216 215 201 184 164 165 182 201 215 216 184 111 254
254 165 111 110 110 110 110 110 110 110 110 110 110 111 165 254
255 254 254 254 254 254 254 254 254 254 254 254 254 254 254 255
255 254 254 254 254 254 254 254 254 254 254 254 254 254 254 255
254 165 111 110 110 110 110 110 110 110 110 110 110 111 165 254
254 111 184 216 215 202 175 150 152 175 202 215 216 184 111 254
254 110 216 252 205 160 145 100 110 142 156 208 252 216 110 254
254 110 215 204 154 173 199 100 107 207 184 157 209 215 110 254
254 110 200 133 173 194 200 131 174 230 226 173 137 201 110 254
254 110 174 135 201 198 196 199 224 232 226 156 127 180 110 254
254 110 153 158 212 201 128 145 186 213 214 163 146 158 110 254
254 110 162 174 218 131  34  35  72  84 100 154 166 167 110 254
254 110 180 151 202  86  20  30  33  17  34 149 148 183 110 254
254 110 202 159 170 152 129 104  41  74  95 151 167 204 110 254
254 110 215 204 126 170 213 200 117 172 151 120 213 215 110 254
254 110 216 252 207 136 149 168 159 133 139 208 252 216 110 254
254 111 184 216 215 200 182 160 161 179 201 215 216 184 111 254
254 165 111 110 110 110 110 110 110 110 110 110 110 111 165 254
255 254 254 254 254 254 254 254 254 254 254 254 254 254 254 255
255 254 254 254 254 254 254 254 254 254 254 254 254 254 254 255
254 165 111 110 110 110 110 110 110 110 110 110 110 111 165 254
254 111 184 216 215 199 167 137 139 167 200 215 216 184 111 254
254 110 216 252 195 142 132 109 116 128 138 200 252 216 110 254
254 110 214 195 138 168 211 153 158 221 182 140 201 215 110 254
254 110 197 111 169 198 214 177 207 246 239 172 115 198 110 254
254 110 165 118 207 203 212 224 242 247 243 183 111 173 110 254
254 110 140 149 222 217 171 187 216 234 235 195 135 146 110 254
254 110 152 168 234 177 111 112 137 146 156 188 158 157 110 254
254 110 173 137 216 147 102 108 111 100 112 179 132 177 110 254
254 110 200 141 168 187 177 159 116 139 148 155 151 202 110 254
254 110 215 195 104 166 223 221 164 194 152  98 205 215 110 254
254 110 216 252 198 114 134 161 154 117 118 199 252 216 110 254
254 111 184 216 215 197 175 150 151 173 198 215 216 184 111 254
254 165 111 110 110 110 110 110 110 110 110 110 110 111 165 254
255 254 254 254 254 254 254 254 254 254 254 254 254 254 254 255

255 254 254 254 254 254 254 254 254 254 254 254 254 254 254 255
254 165 111 110 110 110 110 110 110 110 110 110 110 111 165 254
254 111 184 216 215 202 182 162 170 185 205 215 216 184 111 254
254 110 216 252 212 144 130 145 164 151 172 215 252 216 110 254
254 110 215 211 161 168 148 154 145 142 148 127 211 215 110 254
254 110 203 162 178 211 210 199  96  38  93 148 146 201 110 254
254 110 178 144 194 213 215 198  82  21  73 163 137 182 110 254
254 110 155 113 103 162 208 173  71  36  43 112 156 165 110 254
254 110 154 103  97 124 186 136  38  33 100 187 165 164 110 254
254 110 178 147 187 187 184 122  37  24 122 199 151 184 110 254
254 110 203 165 168 184 187 188 124  83 144 164 143 201 110 254
254 110 215 208 158 168 190 199 203 189 164 132 210 215 110 254
254 110 216 252 207 140 139 156 171 153 164 208 252 216 110 254
254 111 184 216 215 201 177 156 165 182 203 215 216 184 111 254
254 165 111 110 110 110 110 110 110 110 110 110 110 111 165 254
255 254 254 254 254 254 254 254 254 254 254 254 254 254 254 255
255 254 254 254 254 254 254 254 254 254 254 254 254 254 254 255
254 165 111 110 110 110 110 110 110 110 110 110 110 111 165 254
254 111 184 216 215 201 180 158 167 183 204 215 216 184 111 254
254 110 216 252 209 137 127 146 166 148 167 213 252 216 110 254
254 110 215 208 157 173 156 163 154 149 151 120 208 215 110 254
254 110 202 156 184 226 226 214 100  34  95 151 139 201 110 254
254 110 175 142 207 230 232 213  84  17  74 172 133 179 110 254
254 110 152 110 107 174 224 186  72  33  41 117 159 161 110 254
254 110 150 100 100 131 199 145  35  30 104 200 168 160 110 254
254 110 175 145 199 200 196 128  34  20 129 213 149 182 110 254
254 110 202 160 173 194 198 201 131  86 152 170 136 200 110 254
254 110 215 205 154 173 201 212 218 202 170 126 207 215 110 254
254 110 216 252 204 133 135 158 174 151 159 204 252 216 110 254
254 111 184 216 215 200 174 153 162 180 202 215 216 184 111 254
254 165 111 110 110 110 110 110 110 110 110 110 110 111 165 254
255 254 254 254 254 254 254 254 254 254 254 254 254 254 254 255
255 254 254 254 254 254 254 254 254 254 254 254 254 254 254 255
254 165 111 110 110 110 110 110 110 110 110 110 110 111 165 254
254 111 184 216 215 198 173 146 157 177 202 215 216 184 111 254
254 110 216 252 201 115 111 135 158 132 151 205 252 216 110 254
254 110 215 200 140 172 183 195 188 179 155  98 199 215 110 254
254 110 200 138 182 239 243 235 156 112 148 152 118 198 110 254
254 110 167 128 221 246 247 234 146 100 139 194 117 173 110 254
254 110 139 116 158 207 242 216 137 111 116 164 154 151 110 254
254 110 137 109 153 177 224 187 112 108 159 221 161 150 110 254
254 110 167 132 211 214 212 171 111 102 177 223 134 175 110 254
254 110 199 142 168 198 203 217 177 147 187 166 114 197 110 254
254 110 215 195 138 169 207 222 234 216 168 104 198 215 110 254
254 110 216 252 195 111 118 149 168 137 141 195 252 216 110 254
254 111 184 216 214 197 165 140 152 173 200 215 216 184 111 254
254 165 111 110 110 110 110 110 110 110 110 110 110 111 165 254
255 254 254 254 254 254 254 254 254 254 254 254 254 254 254 255
